image: changeClassMap_grid.pgm
resolution: 0.050000
origin: [-13.726466, -5.685825, 0.000000]
negate: 0
occupied_thresh: 0.65
free_thresh: 0.196

