image: changeClassMap_octo.pgm
resolution: 0.050000
origin: [-12.025001, -5.475000, 0.000000]
negate: 0
occupied_thresh: 0.65
free_thresh: 0.196

