image: HarmonyClass.pgm
resolution: 0.010000
origin: [-6.645000, -10.245000, 0.000000]
# origin: [-4.380000, -3.160000, 0.000000]
negate: 0
occupied_thresh: 0.65
free_thresh: 0.196

