#image: ./MDS_map.pgm
image: ./mapp.pgm
resolution: 0.010000
origin: [-3.840000, -3.075000, 0.000000]
negate: 0
occupied_thresh: 0.65
free_thresh: 0.196

