image: restRoom.pgm
resolution: 0.050000
origin: [-9.111300, -6.898723, 0.000000]
negate: 0
occupied_thresh: 0.65
free_thresh: 0.196

